ASC_CAR = 0.21799910964906358
ASC_TRAIN = -0.5369399822359923
B_COST = 0.00017326017959449797
B_TIME = -0.01230446957777702
