ASC_CAR = -0.45331588651931043
ASC_TRAIN = -1.474283184202811
