ASC_CAR = 0.33764449291328014
ASC_TRAIN = -0.43537897278913174
B_COST = 0.00014969054886008969
B_PURPOSE_CAR = -0.36778766836346394
B_PURPOSE_SM = 0.46051807121888266
B_PURPOSE_TRAIN = -0.0927304028554145
B_TIME = -0.012642358505897048
