ASC_CAR = 0.21799901809918198
ASC_TRAIN = -0.5369397158471959
B_COST = 0.0001732603569427881
B_TIME = -0.012304470546847036
