ASC_CYCLING = -1.6632858654438887
ASC_DRIVING = 0.44735962517066663
ASC_PT = 0.03759170357256869
B_COST_DRIVING = -0.3259843751493682
B_COST_PT = 0.10011345281811584
B_TIME = -1.5587791142768304
B_TIME_S = 0.24999316151891054
B_TRAFFIC_DRIVING = 0.4862090237518777
