ASC_CYCLING = -4.73702310894376
ASC_DRIVING = -1.429167197054874
ASC_PT = -2.3056864875491527
B_COST_DRIVING = -0.10015303904841699
B_COST_PT = -0.18592471402944638
B_TIME_CYCLING = -4.936323865615803
B_TIME_DRIVING = -4.231284239250785
B_TIME_PT_ACCESS = -4.823538946986156
B_TIME_PT_BUS = -1.9911464289579603
B_TIME_PT_INT = -4.344030675711739
B_TIME_PT_RAIL = -1.6602048563915779
B_TIME_WALKING = -8.221897190388795
B_TRAFFIC_DRIVING = -3.020438232137378
