ASC_CYCLING = -3.921473068147182
ASC_DRIVING = -0.30415518992582247
ASC_PT = -0.7221494504399718
B_COST = -0.09620988352199024
B_TIME_TOTAL = -5.412887264200536
B_TRAFFIC_DRIVING = -3.5891323521907657
