ASC_CYCLING = -4.737027032556254
ASC_DRIVING = -1.429171549418152
ASC_PT = -2.305700021415984
B_COST_DRIVING = -0.10015292653240358
B_COST_PT = -0.18592408980309072
B_TIME_CYCLING = -4.936332759646494
B_TIME_DRIVING = -4.231297013958494
B_TIME_PT_ACCESS = -4.823484148171437
B_TIME_PT_BUS = -1.9911501167206425
B_TIME_PT_INT = -4.344036416960653
B_TIME_PT_RAIL = -1.6602312981738998
B_TIME_WALKING = -8.221919479219729
B_TRAFFIC_DRIVING = -3.020435890318727
MU_ACTIVE = 1.0
