ASC_CYCLING = -4.71282772181646
ASC_DRIVING = -1.4304968459441307
ASC_PT = -2.2468341972368067
B_COST_DRIVING = -0.08972171400290378
B_COST_PT = -0.16925153464124607
B_TIME_CYCLING = -4.5967037371823265
B_TIME_DRIVING = -3.849693025108406
B_TIME_PT_ACCESS = -4.3840635467175515
B_TIME_PT_BUS = -1.8158106739214492
B_TIME_PT_INT = -3.9410684824121027
B_TIME_PT_RAIL = -1.5324868741330697
B_TIME_WALKING = -8.066422126390265
B_TRAFFIC_DRIVING = -2.8111263981438657
MU_MOTORIZED = 1.105356373814949
