ASC_CAR = 0.126124057063026
ASC_TRAIN = -0.40987463170614735
B_COST = -1.2788567852476609
B_TIME = -2.220810165892849
B_TIME_S = 1.602676989260691
