ASC_CAR = -0.1546326719892626
ASC_TRAIN = -0.7011872849436398
B_COST = -1.083790037120771
B_TIME = -1.2778589565196716
