ASC_AIR = 1.0001030649081197
ASC_BUS = -4.226220973685985
ASC_TRAIN = -0.32990333527454563
B_COST = -0.029906057497900984
B_TIME = -0.015099586257922517
MU_PUBLIC = 1.0
