ASC_AIR = 0.4275210888904987
ASC_BUS = -1.8054872958101063
ASC_TRAIN = -0.14096097181606143
B_COST = -0.01277761162197588
B_TIME = -0.006449444198545504
MU_MOTORIZED = 2.341077838024233
