ASC_AIR = 1.001067574449232
ASC_BUS = -4.227208167257697
ASC_TRAIN = -0.3300381492598727
B_COST = -0.029915387637561887
B_TIME = -0.015098327939164699
MU_PT = 1.0
