ASC_AIR = 1.0011224983567726
ASC_BUS = -4.224329586735527
ASC_TRAIN = -0.32997533388348876
B_COST = -0.029915870030210002
B_TIME = -0.015098811491794041
