ASC_AIR = -1.711189343617218
ASC_BUS = -3.806354021505406
ASC_TRAIN = -0.06536975859648574
B_COST = -0.012337075804897523
B_TIME = -0.030773133879158483
B_TIME_S = 0.020340748805580018
