ASC_CAR = -0.16689160254189897
ASC_TRAIN = -0.5120275159880859
B_COST = -0.8571330780653494
B_TIME = -0.8993597553104162
MU = 2.0511293373361705
