ASC_CAR = 0.33751584561403836
ASC_TRAIN = -0.43557658129405313
B_COST = 0.0001496737780000219
B_PURPOSE_CAR = -0.3677906384305189
B_PURPOSE_SM = 0.4603828536271213
B_PURPOSE_TRAIN = -0.09259221519660707
B_TIME = -0.012641043278460105
