ASC_CAR = -0.15463263150756992
ASC_TRAIN = -0.7011883420361873
B_COST = -1.0837883431862687
B_TIME = -1.2778569633132364
