ASC_CYCLING = -3.7981317022763657
ASC_DRIVING = -1.223372149850999
ASC_PT = -0.5036623435083409
B_COST = -0.1713653703842472
B_TIME = -5.310150028523269
